Total particles 8
TIME0=0
X0=[ 
0.000000E+00, 5.791000E+10, 1.082000E+11, 1.496000E+11, 1.496000E+11, 2.279200E+11, 7.785000E+11, 1.352550E+12 ];  
Y0=[ 
0.000000E+00, 0.000000E+00, 0.000000E+00, 0.000000E+00, -3.633000E+08, 0.000000E+00, 0.000000E+00, 0.000000E+00 ];  
Z0=[ 
0.000000E+00, 0.000000E+00, 0.000000E+00, 0.000000E+00, 0.000000E+00, 0.000000E+00, 0.000000E+00, 0.000000E+00 ];  
mass0=[ 
1.989000E+30, 3.285000E+23, 4.867000E+24, 5.972000E+24, 7.347673E+22, 6.417100E+23, 1.898000E+27, 5.683000E+26 ]; 

TIME1=50000
X1=[ 
3.535984E+02, 5.786053E+10, 1.081858E+11, 1.495926E+11, 1.495926E+11, 2.279168E+11, 7.784997E+11, 1.352550E+12 ];  
Y1=[ 
4.536017E-01, 2.369323E+09, 1.769921E+09, 1.499927E+09, 1.140461E+09, 1.324992E+09, 6.549993E+08, 4.839995E+08 ];  
Z1=[ 
3.118629E-05, 1.353695E-04, 1.470892E-03, 2.176483E+03, 5.092221E+07, 2.173196E-04, 4.197576E-07, 5.997954E-08 ];  
mass1=[ 
1.989000E+30, 3.285000E+23, 4.867000E+24, 5.972000E+24, 7.347673E+22, 6.417100E+23, 1.898000E+27, 5.683000E+26 ]; 
 
 
